This is using n blocked/n^2 and time
LDA: 0.604352 (0.157087)
KNN: 0.922623 (0.023470)
CART: 0.907562 (0.027596)
NB: 0.504429 (0.076208)
SVM: 0.902639 (0.038597)
